   0.0000000e+00   9.3650805e-01   1.1333753e-01   8.9847005e-01   1.0000000e+00   0.0000000e+00   1.0000000e+00   1.0000000e+00
   8.5191455e-01   0.0000000e+00   0.0000000e+00   0.0000000e+00   0.0000000e+00   8.5191455e-01  -7.7336620e-01   1.0000000e+00
   0.0000000e+00   0.0000000e+00   0.0000000e+00   0.0000000e+00   0.0000000e+00   0.0000000e+00   1.0000000e+00   1.0000000e+00
   8.2373248e-01   0.0000000e+00   0.0000000e+00   0.0000000e+00   0.0000000e+00   8.2373248e-01  -4.6641433e-01   1.0000000e+00
   6.1860448e-01   0.0000000e+00   0.0000000e+00   0.0000000e+00   0.0000000e+00   6.1860448e-01  -1.2783727e-01   1.0000000e+00
   6.5247205e-01   0.0000000e+00   0.0000000e+00   0.0000000e+00   0.0000000e+00   6.5247205e-01  -4.5826282e-01   1.0000000e+00
   2.5755948e-01   0.0000000e+00   0.0000000e+00   0.0000000e+00   0.0000000e+00   2.5755948e-01   2.4216652e-01   1.0000000e+00
   4.5374186e-01   0.0000000e+00   0.0000000e+00   0.0000000e+00   0.0000000e+00   4.5374186e-01  -1.2421399e-01   1.0000000e+00
   4.1073115e-01   0.0000000e+00   0.0000000e+00   0.0000000e+00   0.0000000e+00   4.1073115e-01   2.2325566e-01   1.0000000e+00
   1.8268595e-01   0.0000000e+00   0.0000000e+00   0.0000000e+00   0.0000000e+00   1.8268595e-01   6.6712378e-01   1.0000000e+00
   8.3191404e-02   0.0000000e+00   0.0000000e+00   0.0000000e+00   0.0000000e+00   8.3191404e-02   6.6965427e-01   1.0000000e+00
   4.2860656e-01   0.0000000e+00   0.0000000e+00   0.0000000e+00   0.0000000e+00   4.2860656e-01   9.9266460e-03   1.0000000e+00
   4.3281791e-01   0.0000000e+00   0.0000000e+00   0.0000000e+00   0.0000000e+00   4.3281791e-01  -2.9167128e-02   1.0000000e+00
   6.9439167e-02   0.0000000e+00   0.0000000e+00   0.0000000e+00   0.0000000e+00   6.9439167e-02   6.7959904e-01   1.0000000e+00
   1.2292331e-02   0.0000000e+00   0.0000000e+00   0.0000000e+00   0.0000000e+00   1.2292331e-02   8.8449933e-01   1.0000000e+00
   6.3637690e-01   0.0000000e+00   0.0000000e+00   0.0000000e+00   0.0000000e+00   6.3637690e-01  -3.7671126e-01   1.0000000e+00
   4.3504200e-01   0.0000000e+00   0.0000000e+00   0.0000000e+00   0.0000000e+00   4.3504200e-01  -4.7462673e-02   1.0000000e+00
   2.2301269e-01   0.0000000e+00   0.0000000e+00   0.0000000e+00   0.0000000e+00   2.2301269e-01   3.8021018e-01   1.0000000e+00
   6.2321451e-01   0.0000000e+00   0.0000000e+00   0.0000000e+00   0.0000000e+00   6.2321451e-01  -2.0471942e-01   1.0000000e+00
   8.3433171e-01   0.0000000e+00   0.0000000e+00   0.0000000e+00   0.0000000e+00   8.3433171e-01  -6.4869686e-01   1.0000000e+00
   6.3286522e-01   0.0000000e+00   0.0000000e+00   0.0000000e+00   0.0000000e+00   6.3286522e-01  -3.3889304e-01   1.0000000e+00
   1.7825494e-02   0.0000000e+00   0.0000000e+00   0.0000000e+00   0.0000000e+00   1.7825494e-02   8.5701913e-01   1.0000000e+00
   6.3044728e-01   0.0000000e+00   0.0000000e+00   0.0000000e+00   0.0000000e+00   6.3044728e-01  -3.0920619e-01   1.0000000e+00
   4.3945707e-01   0.0000000e+00   0.0000000e+00   0.0000000e+00   0.0000000e+00   4.3945707e-01  -7.8487149e-02   1.0000000e+00
   8.4238723e-01   0.0000000e+00   0.0000000e+00   0.0000000e+00   0.0000000e+00   8.4238723e-01  -7.3622670e-01   1.0000000e+00
   2.0982803e-02   0.0000000e+00   0.0000000e+00   0.0000000e+00   0.0000000e+00   2.0982803e-02   8.4229403e-01   1.0000000e+00
   2.0758807e-01   0.0000000e+00   0.0000000e+00   0.0000000e+00   0.0000000e+00   2.0758807e-01   4.9536292e-01   1.0000000e+00
   6.4071662e-01   0.0000000e+00   0.0000000e+00   0.0000000e+00   0.0000000e+00   6.4071662e-01  -4.1410816e-01   1.0000000e+00
   1.9153258e-01   0.0000000e+00   0.0000000e+00   0.0000000e+00   0.0000000e+00   1.9153258e-01   6.1270680e-01   1.0000000e+00
   6.2058935e-01   0.0000000e+00   0.0000000e+00   0.0000000e+00   0.0000000e+00   6.2058935e-01  -1.6178094e-01   1.0000000e+00
   5.8191767e-02   0.0000000e+00   0.0000000e+00   0.0000000e+00   0.0000000e+00   5.8191767e-02   7.0249494e-01   1.0000000e+00
   8.4741329e-01   0.0000000e+00   0.0000000e+00   0.0000000e+00   0.0000000e+00   8.4741329e-01  -7.6516729e-01   1.0000000e+00
   8.8255429e-03   0.0000000e+00   0.0000000e+00   0.0000000e+00   0.0000000e+00   8.8255429e-03   9.0363988e-01   1.0000000e+00
   3.0756663e-02   0.0000000e+00   0.0000000e+00   0.0000000e+00   0.0000000e+00   3.0756663e-02   7.9931889e-01   1.0000000e+00
   4.1300282e-01   0.0000000e+00   0.0000000e+00   0.0000000e+00   0.0000000e+00   4.1300282e-01   1.9329025e-01   1.0000000e+00
   2.1040691e-01   0.0000000e+00   0.0000000e+00   0.0000000e+00   0.0000000e+00   2.1040691e-01   4.7372664e-01   1.0000000e+00
   8.2515164e-01   0.0000000e+00   0.0000000e+00   0.0000000e+00   0.0000000e+00   8.2515164e-01  -4.9462178e-01   1.0000000e+00
   4.2428503e-02   0.0000000e+00   0.0000000e+00   0.0000000e+00   0.0000000e+00   4.2428503e-02   7.5278435e-01   1.0000000e+00
   8.2637044e-01   0.0000000e+00   0.0000000e+00   0.0000000e+00   0.0000000e+00   8.2637044e-01  -5.1798971e-01   1.0000000e+00
   2.1295051e-01   0.0000000e+00   0.0000000e+00   0.0000000e+00   0.0000000e+00   2.1295051e-01   4.5426553e-01   1.0000000e+00
   8.3218603e-01   0.0000000e+00   0.0000000e+00   0.0000000e+00   0.0000000e+00   8.3218603e-01  -6.1747427e-01   1.0000000e+00
   6.2491897e-01   0.0000000e+00   0.0000000e+00   0.0000000e+00   0.0000000e+00   6.2491897e-01  -2.3127623e-01   1.0000000e+00
   4.1905649e-01   0.0000000e+00   0.0000000e+00   0.0000000e+00   0.0000000e+00   4.1905649e-01   1.1649483e-01   1.0000000e+00
   2.1555546e-01   0.0000000e+00   0.0000000e+00   0.0000000e+00   0.0000000e+00   2.1555546e-01   4.3452393e-01   1.0000000e+00
   1.8836653e-01   0.0000000e+00   0.0000000e+00   0.0000000e+00   0.0000000e+00   1.8836653e-01   6.3330899e-01   1.0000000e+00
   6.2142213e-01   0.0000000e+00   0.0000000e+00   0.0000000e+00   0.0000000e+00   6.2142213e-01  -1.7565538e-01   1.0000000e+00
   8.2867573e-01   0.0000000e+00   0.0000000e+00   0.0000000e+00   0.0000000e+00   8.2867573e-01  -5.5989049e-01   1.0000000e+00
   2.3726289e-01   0.0000000e+00   0.0000000e+00   0.0000000e+00   0.0000000e+00   2.3726289e-01   2.9438370e-01   1.0000000e+00
   9.8214798e-04   0.0000000e+00   0.0000000e+00   0.0000000e+00   0.0000000e+00   9.8214798e-04   9.6863046e-01   1.0000000e+00
   4.1750221e-01   0.0000000e+00   0.0000000e+00   0.0000000e+00   0.0000000e+00   4.1750221e-01   1.3568684e-01   1.0000000e+00
   8.3609530e-01   0.0000000e+00   0.0000000e+00   0.0000000e+00   0.0000000e+00   8.3609530e-01  -6.7196648e-01   1.0000000e+00
   4.2095822e-01   0.0000000e+00   0.0000000e+00   0.0000000e+00   0.0000000e+00   4.2095822e-01   9.3615575e-02   1.0000000e+00
   2.1887366e-01   0.0000000e+00   0.0000000e+00   0.0000000e+00   0.0000000e+00   2.1887366e-01   4.0985485e-01   1.0000000e+00
   1.8572568e-01   0.0000000e+00   0.0000000e+00   0.0000000e+00   0.0000000e+00   1.8572568e-01   6.4956442e-01   1.0000000e+00
   6.3485253e-01   0.0000000e+00   0.0000000e+00   0.0000000e+00   0.0000000e+00   6.3485253e-01  -3.6109274e-01   1.0000000e+00
   4.4524728e-01   0.0000000e+00   0.0000000e+00   0.0000000e+00   0.0000000e+00   4.4524728e-01  -1.0756187e-01   1.0000000e+00
   8.4073076e-01   0.0000000e+00   0.0000000e+00   0.0000000e+00   0.0000000e+00   8.4073076e-01  -7.2224928e-01   1.0000000e+00
   3.6133481e-02   1.8560279e-02   0.0000000e+00   2.4758050e-03   0.0000000e+00   3.6133481e-02   7.8297848e-01   1.0000000e+00
   6.2731335e-01   0.0000000e+00   0.0000000e+00   0.0000000e+00   0.0000000e+00   6.2731335e-01  -2.6664684e-01   1.0000000e+00
   8.2946983e-01   0.0000000e+00   0.0000000e+00   0.0000000e+00   0.0000000e+00   8.2946983e-01  -5.7359429e-01   1.0000000e+00
   2.3261914e-01   4.9515495e-03   0.0000000e+00   0.0000000e+00   0.0000000e+00   2.3261914e-01   3.2375477e-01   1.0000000e+00
   3.7873155e-02   0.0000000e+00   0.0000000e+00   0.0000000e+00   0.0000000e+00   3.7873155e-02   7.7023200e-01   1.0000000e+00
   2.0043829e-01   0.0000000e+00   0.0000000e+00   0.0000000e+00   0.0000000e+00   2.0043829e-01   5.4953686e-01   1.0000000e+00
   2.2896660e-01   0.0000000e+00   0.0000000e+00   0.0000000e+00   0.0000000e+00   2.2896660e-01   3.4072370e-01   1.0000000e+00
   4.1480878e-01   0.0000000e+00   0.0000000e+00   0.0000000e+00   0.0000000e+00   4.1480878e-01   1.6984796e-01   1.0000000e+00
   5.6543116e-03   0.0000000e+00   0.0000000e+00   0.0000000e+00   0.0000000e+00   5.6543116e-03   9.2380571e-01   1.0000000e+00
   1.9454603e-01   0.0000000e+00   0.0000000e+00   0.0000000e+00   0.0000000e+00   1.9454603e-01   5.9209720e-01   1.0000000e+00
   4.4170263e-01   0.0000000e+00   0.0000000e+00   0.0000000e+00   0.0000000e+00   4.4170263e-01  -9.1388015e-02   1.0000000e+00
   6.2605995e-01   0.0000000e+00   0.0000000e+00   0.0000000e+00   0.0000000e+00   6.2605995e-01  -2.4842393e-01   1.0000000e+00
   4.1583635e-01   0.0000000e+00   0.0000000e+00   0.0000000e+00   0.0000000e+00   4.1583635e-01   1.5669164e-01   1.0000000e+00
   1.9801801e-01   0.0000000e+00   0.0000000e+00   0.0000000e+00   0.0000000e+00   1.9801801e-01   5.6732967e-01   1.0000000e+00
   2.5432203e-03   0.0000000e+00   0.0000000e+00   0.0000000e+00   0.0000000e+00   2.5432203e-03   9.4936667e-01   1.0000000e+00
   2.6352241e-02   0.0000000e+00   0.0000000e+00   0.0000000e+00   0.0000000e+00   2.6352241e-02   8.1825787e-01   1.0000000e+00
   4.2642279e-01   0.0000000e+00   0.0000000e+00   0.0000000e+00   0.0000000e+00   4.2642279e-01   3.2290918e-02   1.0000000e+00
   6.4159331e-01   0.0000000e+00   0.0000000e+00   0.0000000e+00   0.0000000e+00   6.4159331e-01  -4.2034244e-01   1.0000000e+00
   8.3851428e-01   0.0000000e+00   0.0000000e+00   0.0000000e+00   0.0000000e+00   8.3851428e-01  -7.0022030e-01   1.0000000e+00
   2.3855268e-01   0.0000000e+00   0.0000000e+00   0.0000000e+00   0.0000000e+00   2.3855268e-01   2.8828951e-01   1.0000000e+00
   2.0479771e-01   0.0000000e+00   0.0000000e+00   0.0000000e+00   0.0000000e+00   2.0479771e-01   5.1670294e-01   1.0000000e+00
   8.3105497e-01   0.0000000e+00   0.0000000e+00   0.0000000e+00   0.0000000e+00   8.3105497e-01  -5.9977721e-01   1.0000000e+00
   4.2240884e-01   0.0000000e+00   0.0000000e+00   0.0000000e+00   0.0000000e+00   4.2240884e-01   7.6658508e-02   1.0000000e+00
   4.1135504e-01   0.0000000e+00   0.0000000e+00   0.0000000e+00   0.0000000e+00   4.1135504e-01   2.1498064e-01   1.0000000e+00
   2.4889287e-01   0.0000000e+00   0.0000000e+00   0.0000000e+00   0.0000000e+00   2.4889287e-01   2.5236602e-01   1.0000000e+00
   4.4947471e-01   0.0000000e+00   0.0000000e+00   0.0000000e+00   0.0000000e+00   4.4947471e-01  -1.1984225e-01   1.0000000e+00
   6.4526530e-01   0.0000000e+00   0.0000000e+00   0.0000000e+00   0.0000000e+00   6.4526530e-01  -4.4142426e-01   1.0000000e+00
   4.6799764e-02   0.0000000e+00   0.0000000e+00   0.0000000e+00   0.0000000e+00   4.6799764e-02   7.3710403e-01   1.0000000e+00
   6.4912628e-05   0.0000000e+00   0.0000000e+00   0.0000000e+00   0.0000000e+00   6.4912628e-05   9.9194303e-01   1.0000000e+00
   2.0256487e-01   0.0000000e+00   0.0000000e+00   0.0000000e+00   0.0000000e+00   2.0256487e-01   5.3362335e-01   1.0000000e+00
   4.0418382e-03   0.0000000e+00   0.0000000e+00   0.0000000e+00   0.0000000e+00   4.0418382e-03   9.3591270e-01   1.0000000e+00
   1.9621443e-01   0.0000000e+00   0.0000000e+00   0.0000000e+00   0.0000000e+00   1.9621443e-01   5.8031931e-01   1.0000000e+00
   4.2558019e-01   0.0000000e+00   0.0000000e+00   0.0000000e+00   0.0000000e+00   4.2558019e-01   4.1269474e-02   1.0000000e+00
   2.1806261e-01   0.0000000e+00   0.0000000e+00   0.0000000e+00   0.0000000e+00   2.1806261e-01   4.1582257e-01   1.0000000e+00
   2.2580473e-01   0.0000000e+00   0.0000000e+00   0.0000000e+00   0.0000000e+00   2.2580473e-01   3.6115761e-01   1.0000000e+00
   5.6667120e-02   0.0000000e+00   0.0000000e+00   0.0000000e+00   0.0000000e+00   5.6667120e-02   7.0652280e-01   1.0000000e+00
   2.4291720e-01   0.0000000e+00   0.0000000e+00   0.0000000e+00   0.0000000e+00   2.4291720e-01   2.7020535e-01   1.0000000e+00
   4.8378854e-02   0.0000000e+00   0.0000000e+00   0.0000000e+00   0.0000000e+00   4.8378854e-02   7.3173194e-01   1.0000000e+00
   2.6783676e-02   0.0000000e+00   0.0000000e+00   0.0000000e+00   0.0000000e+00   2.6783676e-02   8.1637291e-01   1.0000000e+00
   2.2630952e-01   0.0000000e+00   0.0000000e+00   0.0000000e+00   0.0000000e+00   2.2630952e-01   3.5780888e-01   1.0000000e+00
   4.2396489e-01   0.0000000e+00   0.0000000e+00   0.0000000e+00   0.0000000e+00   4.2396489e-01   5.8991304e-02   1.0000000e+00
   6.4930714e-01   0.0000000e+00   0.0000000e+00   0.0000000e+00   0.0000000e+00   6.4930714e-01  -4.5494929e-01   1.0000000e+00
   6.2880138e-01   0.0000000e+00   0.0000000e+00   0.0000000e+00   0.0000000e+00   6.2880138e-01  -2.8740602e-01   1.0000000e+00
